-60.000000 0.009849
-59.000000 0.012806
-58.000000 0.008886
-57.000000 0.013743
-56.000000 0.020233
-55.000000 0.023889
-54.000000 0.026642
-53.000000 0.030830
-52.000000 0.034505
-51.000000 0.038706
-50.000000 0.039989
-49.000000 0.037745
-48.000000 0.040258
-47.000000 0.040363
-46.000000 0.043690
-45.000000 0.042538
-44.000000 0.043496
-43.000000 0.045025
-42.000000 0.048327
-41.000000 0.051274
-40.000000 0.050507
-39.000000 0.048710
-38.000000 0.045882
-37.000000 0.044857
-36.000000 0.041308
-35.000000 0.040172
-34.000000 0.039860
-33.000000 0.039599
-32.000000 0.043651
-31.000000 0.043665
-30.000000 0.041733
-29.000000 0.043586
-28.000000 0.043538
-27.000000 0.043998
-26.000000 0.043324
-25.000000 0.044495
-24.000000 0.042674
-23.000000 0.045864
-22.000000 0.048665
-21.000000 0.048588
-20.000000 0.051332
-19.000000 0.053476
-18.000000 0.054421
-17.000000 0.054439
-16.000000 0.055143
-15.000000 0.054047
-14.000000 0.056101
-13.000000 0.057793
-12.000000 0.059027
-11.000000 0.061685
-10.000000 0.061497
-9.000000 0.061619
-8.000000 0.062002
-7.000000 0.061580
-6.000000 0.064225
-5.000000 0.066016
-4.000000 0.068213
-3.000000 0.070318
-2.000000 0.075437
-1.000000 0.078532
0.000000 0.088461
1.000000 0.110233
2.000000 0.112840
3.000000 0.114165
4.000000 0.114726
5.000000 0.113193
6.000000 0.111363
7.000000 0.112982
8.000000 0.112021
9.000000 0.108363
10.000000 0.107560
11.000000 0.106055
12.000000 0.106583
13.000000 0.107778
14.000000 0.108809
15.000000 0.109796
16.000000 0.110852
17.000000 0.109813
18.000000 0.110087
19.000000 0.112475
20.000000 0.110666
21.000000 0.111612
22.000000 0.110133
23.000000 0.112113
24.000000 0.113226
25.000000 0.113943
26.000000 0.114011
27.000000 0.114373
28.000000 0.115596
29.000000 0.114167
30.000000 0.110599
31.000000 0.106293
32.000000 0.104045
33.000000 0.102159
34.000000 0.100916
35.000000 0.100891
36.000000 0.100679
37.000000 0.102645
38.000000 0.105607
39.000000 0.109092
40.000000 0.110896
41.000000 0.113389
42.000000 0.116539
43.000000 0.117050
44.000000 0.118340
45.000000 0.117766
46.000000 0.116512
47.000000 0.117713
48.000000 0.117078
49.000000 0.118162
50.000000 0.116439
51.000000 0.115567
52.000000 0.117111
53.000000 0.116299
54.000000 0.117489
55.000000 0.118783
56.000000 0.117866
57.000000 0.120318
58.000000 0.124360
59.000000 0.126881
