-60.000000 0.008731
-59.000000 0.010546
-58.000000 0.011011
-57.000000 0.014401
-56.000000 0.018297
-55.000000 0.021565
-54.000000 0.023316
-53.000000 0.025455
-52.000000 0.028445
-51.000000 0.030780
-50.000000 0.032569
-49.000000 0.032897
-48.000000 0.033874
-47.000000 0.035675
-46.000000 0.036504
-45.000000 0.037231
-44.000000 0.036898
-43.000000 0.038004
-42.000000 0.040745
-41.000000 0.041130
-40.000000 0.041762
-39.000000 0.041740
-38.000000 0.042076
-37.000000 0.043972
-36.000000 0.043506
-35.000000 0.043865
-34.000000 0.042795
-33.000000 0.042598
-32.000000 0.045218
-31.000000 0.045197
-30.000000 0.045261
-29.000000 0.044946
-28.000000 0.043251
-27.000000 0.042369
-26.000000 0.042869
-25.000000 0.044449
-24.000000 0.043942
-23.000000 0.046198
-22.000000 0.047383
-21.000000 0.045780
-20.000000 0.046308
-19.000000 0.045186
-18.000000 0.044644
-17.000000 0.044019
-16.000000 0.044570
-15.000000 0.044698
-14.000000 0.045386
-13.000000 0.046571
-12.000000 0.048828
-11.000000 0.050301
-10.000000 0.050295
-9.000000 0.050544
-8.000000 0.050775
-7.000000 0.052677
-6.000000 0.053409
-5.000000 0.055610
-4.000000 0.057404
-3.000000 0.058958
-2.000000 0.062496
-1.000000 0.064477
0.000000 0.060739
1.000000 0.061128
2.000000 0.059700
3.000000 0.059373
4.000000 0.058368
5.000000 0.056627
6.000000 0.056434
7.000000 0.056241
8.000000 0.055027
9.000000 0.053284
10.000000 0.053344
11.000000 0.054156
12.000000 0.054631
13.000000 0.055021
14.000000 0.056327
15.000000 0.057692
16.000000 0.057837
17.000000 0.057926
18.000000 0.056949
19.000000 0.055329
20.000000 0.056139
21.000000 0.055967
22.000000 0.055940
23.000000 0.054627
24.000000 0.055414
25.000000 0.054653
26.000000 0.054389
27.000000 0.057413
28.000000 0.057768
29.000000 0.057569
30.000000 0.056669
31.000000 0.054849
32.000000 0.053161
33.000000 0.052209
34.000000 0.051598
35.000000 0.051618
36.000000 0.050499
37.000000 0.051899
38.000000 0.052189
39.000000 0.054475
40.000000 0.055818
41.000000 0.058606
42.000000 0.059340
43.000000 0.059811
44.000000 0.061254
45.000000 0.063445
46.000000 0.064518
47.000000 0.065908
48.000000 0.066665
49.000000 0.067001
50.000000 0.067049
51.000000 0.067723
52.000000 0.069910
53.000000 0.068181
54.000000 0.068126
55.000000 0.068636
56.000000 0.069839
57.000000 0.071866
58.000000 0.072758
59.000000 0.074823
