-60.000000 0.011080
-59.000000 0.013631
-58.000000 0.014363
-57.000000 0.019031
-56.000000 0.025074
-55.000000 0.028760
-54.000000 0.031167
-53.000000 0.031908
-52.000000 0.031796
-51.000000 0.031960
-50.000000 0.030696
-49.000000 0.029064
-48.000000 0.030523
-47.000000 0.031817
-46.000000 0.034222
-45.000000 0.033234
-44.000000 0.031725
-43.000000 0.032055
-42.000000 0.032665
-41.000000 0.030754
-40.000000 0.030831
-39.000000 0.031222
-38.000000 0.030291
-37.000000 0.031763
-36.000000 0.028694
-35.000000 0.030050
-34.000000 0.032101
-33.000000 0.030940
-32.000000 0.035988
-31.000000 0.036931
-30.000000 0.036286
-29.000000 0.039477
-28.000000 0.037488
-27.000000 0.039629
-26.000000 0.042021
-25.000000 0.043410
-24.000000 0.045375
-23.000000 0.046111
-22.000000 0.052050
-21.000000 0.053344
-20.000000 0.052410
-19.000000 0.054789
-18.000000 0.054272
-17.000000 0.054188
-16.000000 0.053213
-15.000000 0.053018
-14.000000 0.053999
-13.000000 0.053149
-12.000000 0.053806
-11.000000 0.054117
-10.000000 0.055890
-9.000000 0.055179
-8.000000 0.053969
-7.000000 0.054384
-6.000000 0.055037
-5.000000 0.055789
-4.000000 0.057528
-3.000000 0.059508
-2.000000 0.063517
-1.000000 0.069783
0.000000 0.061168
1.000000 0.047753
2.000000 0.047474
3.000000 0.046479
4.000000 0.049534
5.000000 0.047603
6.000000 0.045769
7.000000 0.046137
8.000000 0.044144
9.000000 0.040842
10.000000 0.040326
11.000000 0.040577
12.000000 0.042328
13.000000 0.042004
14.000000 0.042981
15.000000 0.044440
16.000000 0.044819
17.000000 0.044411
18.000000 0.042079
19.000000 0.041764
20.000000 0.040635
21.000000 0.041954
22.000000 0.043345
23.000000 0.043085
24.000000 0.045697
25.000000 0.046015
26.000000 0.048348
27.000000 0.051029
28.000000 0.048150
29.000000 0.049711
30.000000 0.046779
31.000000 0.046637
32.000000 0.045372
33.000000 0.045811
34.000000 0.043585
35.000000 0.043343
36.000000 0.039640
37.000000 0.038684
38.000000 0.040816
39.000000 0.041180
40.000000 0.041675
41.000000 0.040465
42.000000 0.045771
43.000000 0.042679
44.000000 0.039886
45.000000 0.039273
46.000000 0.039524
47.000000 0.041041
48.000000 0.042940
49.000000 0.040760
50.000000 0.036999
51.000000 0.035586
52.000000 0.038288
53.000000 0.034359
54.000000 0.039160
55.000000 0.040338
56.000000 0.039618
57.000000 0.042517
58.000000 0.045046
59.000000 0.045644
